DEF 108 {
Version {
0x2
}
Kb {
-0.048, -33.858, -0.070, -14.828, 3.037, 10.860,
0.077, 33.976, 0.142, 37.799, 2.855, 17.175,
-0.056, 2.654, 0.034, 6.697, 3.767, 14.600,
0.106, -3.222, 0.297, -31.452, 3.616, 17.948,
-0.147, 9.511, -0.099, -11.947, 3.097, 15.022,
-0.072, 39.173, 0.032, 31.963, 3.710, 8.612,
-0.104, -5.886, -0.049, -17.300, 3.375, 16.515,
0.064, 27.157, 0.076, -21.253, 2.851, 12.891,
0.192, -4.818, 0.333, -32.491, 3.187, 13.208,
0.056, -3.976, 0.163, -47.261, 2.972, 12.423,
-0.135, 75.167, -0.168, 87.181, 3.962, 9.925,
0.117, -42.870, 0.225, -43.190, 3.316, 16.503
}
Fpn_lg {
142.042, 159.500, 134.500, 170.625, 140.083, 161.375, 82.458, 118.000, 138.125, 116.875, 177.542, 169.333
}
Fpn_hg {
156.500, 176.208, 150.667, 185.792, 156.333, 175.875, 98.458, 134.083, 154.375, 130.458, 192.167, 184.000
}
AutoV20_lg {
0x8
}
AutoV20_hg {
0xa
}
Rampgen {
0x72
}
Range {
0xf
}
AutoV15 {
0x5
}
}
Temp_calib {
29.500, -18.373, 0.000, 0.000, 0.000, 0.000, 0.000, 0.000, 0.000, 0.000, 0.000, 0.000
}
