DEF 72 {
Version {
0x3
}
Kb {
8169, -7058, 11494, -12312, 246, 707,
11436, 409, 8055, -1168, 221, 69,
5745, -11599, 6625, -10827, 455, 730,
-1161, 2670, 1149, 1441, 325, -2095,
18262, -11662, 21020, -17239, 279, 1045,
-827, 1592, -2107, 214, 146, -140,
13128, 4415, 5606, 7711, 81, 306,
7155, 2350, 8482, -1149, 331, 0,
-238, 2283, 621, 1689, 322, -592,
10132, 955, 9575, -239, 311, -495,
4361, -5683, 3912, -2256, 173, 45,
10182, 2422, 10976, -1097, 143, 0
}
Fpn_lg {
56, 143, 151, 195, 61, 127, 138, 262, 186, 202, 93, 136
}
Fpn_hg {
77, 162, 174, 213, 82, 145, 157, 275, 205, 224, 113, 155
}
AutoV20_lg {
0x8
}
AutoV20_hg {
0xa
}
Rampgen {
0xa8
}
Range {
0xf
}
AutoV15 {
0x7
}
}
