DEF 100 {
Version {
0x2
}
Kb {
-0.073, -2.947, -0.006, 4.606, 2.797, -4.072,
-0.213, 12.733, -0.171, 21.263, 2.960, -11.793,
-0.012, 5.414, 0.039, -38.333, 2.471, 0.514,
-0.142, 59.807, -0.058, 45.812, 2.667, -0.757,
-0.304, 5.517, -0.235, 17.789, 3.014, 0.476,
-0.032, 13.634, -0.027, -13.456, 2.510, 3.448,
-0.021, -3.138, 0.018, -14.658, 2.648, 3.481,
-0.597, 96.722, -0.551, 125.200, 3.340, -4.659,
-0.055, 25.232, 0.007, 34.204, 3.078, -12.096,
0.081, -5.176, 0.160, -19.248, 2.684, -2.988,
-0.009, -32.912, 0.136, -72.639, 2.811, 0.999,
-0.049, -16.758, -0.005, -33.345, 2.487, -1.777
}
Fpn_lg {
159.792, 169.500, 76.292, 159.958, 117.000, 156.125, 55.833, 123.000, 226.208, 163.708, 107.042, 169.583
}
Fpn_hg {
180.375, 190.667, 96.708, 179.750, 138.292, 176.875, 79.250, 144.000, 254.750, 183.375, 129.250, 190.458
}
AutoV20_lg {
0x8
}
AutoV20_hg {
0xa
}
Rampgen {
0x82
}
Range {
0xf
}
AutoV15 {
0x6
}
}
Temp_calib {
29.500, -2.464, 0.000, 0.000, 0.000, 0.000, 0.000, 0.000, 0.000, 0.000, 0.000, 0.000
}
