DEF jk {
Version {
0x2
}
Kb {
1.000000, 0.000000, 0.000000, 0.000000, 0.000000, 0.000000,
1.000000, 0.000000, 0.000000, 0.000000, 0.000000, 0.000000,
1.000000, 0.000000, 0.000000, 0.000000, 0.000000, 0.000000,
1.000000, 0.000000, 0.000000, 0.000000, 0.000000, 0.000000,
1.000000, 0.000000, 0.000000, 0.000000, 0.000000, 0.000000,
1.000000, 0.000000, 0.000000, 0.000000, 0.000000, 0.000000,
1.000000, 0.000000, 0.000000, 0.000000, 0.000000, 0.000000,
1.000000, 0.000000, 0.000000, 0.000000, 0.000000, 0.000000,
1.000000, 0.000000, 0.000000, 0.000000, 0.000000, 0.000000,
1.000000, 0.000000, 0.000000, 0.000000, 0.000000, 0.000000,
1.000000, 0.000000, 0.000000, 0.000000, 0.000000, 0.000000,
1.000000, 0.000000, 0.000000, 0.000000, 0.000000, 0.000000
}
Fpn_lg {
0.000000, 0.000000, 0.000000, 0.000000, 0.000000, 0.000000, 0.000000, 0.000000, 0.000000, 0.000000, 0.000000, 0.000000
}
Fpn_hg {
0.000000, 0.000000, 0.000000, 0.000000, 0.000000, 0.000000, 0.000000, 0.000000, 0.000000, 0.000000, 0.000000, 0.000000
}
AutoV20_lg {
0x8
}
AutoV20_hg {
0xa
}
Rampgen {
0x88
}
Range {
0xf
}
AutoV15 {
0x8
}
}
