DEF 106 {
Version {
0x2
}
Kb {
-0.471, 53.479, -0.427, 70.445, 3.680, -16.529,
-0.243, 12.078, -0.220, 39.490, 3.152, -6.189,
0.225, 5.986, 0.207, -31.419, 2.311, 0.000,
-0.003, -16.737, 0.144, -16.431, 2.611, -4.218,
0.153, -22.082, 0.194, -20.128, 2.099, -6.912,
-0.102, 17.137, -0.064, 32.987, 2.139, -2.159,
-0.294, -4.594, -0.272, -6.295, 2.096, 0.257,
-0.334, 41.136, -0.372, 100.910, 3.403, -4.628,
-0.052, -24.442, -0.055, -38.967, 2.102, 4.161,
0.110, 19.303, 0.124, -15.292, 2.307, 0.377,
-0.003, -15.367, 0.074, -29.603, 2.515, -11.401,
-0.058, 85.854, -0.088, 103.680, 6.000, 0.000
}
Fpn_lg {
83.792, 148.083, 262.875, 149.667, 187.458, 200.167, 185.292, 168.000, 135.000, 133.917, 210.792, 277.667
}
Fpn_hg {
99.000, 163.375, 279.625, 166.417, 202.417, 216.208, 203.333, 185.250, 152.625, 150.458, 226.417, 293.667
}
AutoV20_lg {
0x8
}
AutoV20_hg {
0xa
}
Rampgen {
0x7e
}
Range {
0xf
}
AutoV15 {
0x8
}
}
Temp_calib {
29.500, -36.363, 0.000, 0.000, 0.000, 0.000, 0.000, 0.000, 0.000, 0.000, 0.000, 0.000
}
