DEF 107 {
Version {
0x2
}
Kb {
-0.463, 27.299, -0.390, 14.897, 3.403, -3.351,
-0.371, 46.464, -0.370, 57.133, 4.100, 1.004,
-0.376, 68.176, -0.404, 82.640, 4.092, 0.000,
-0.264, 29.837, -0.284, 19.241, 3.470, -5.745,
-0.513, 40.054, -0.579, 51.760, 3.805, -4.551,
-0.180, 53.132, -0.183, 51.113, 3.814, 5.221,
-0.431, 35.600, -0.431, 29.624, 4.082, 3.580,
-0.159, 83.545, -0.162, 94.440, 3.738, 4.508,
-0.387, 56.585, -0.313, 59.522, 3.527, 12.105,
-0.179, -2.257, -0.143, -19.052, 3.740, 6.798,
-0.161, 6.937, -0.152, -8.170, 3.383, 15.058,
-0.499, 94.913, -0.594, 104.200, 4.425, 0.000
}
Fpn_lg {
196.625, 79.333, 275.667, 195.333, 219.000, 76.833, 137.333, 134.958, 176.750, 134.333, 84.208, 226.792
}
Fpn_hg {
217.000, 102.500, 304.458, 219.083, 243.042, 102.292, 160.000, 158.667, 201.042, 157.875, 108.208, 252.958
}
AutoV20_lg {
0x8
}
AutoV20_hg {
0xa
}
Rampgen {
0xbc
}
Range {
0xf
}
AutoV15 {
0x5
}
}
Temp_calib {
29.500, -25.386, 0.000, 0.000, 0.000, 0.000, 0.000, 0.000, 0.000, 0.000, 0.000, 0.000
}
