DEF 103 {
Version {
0x2
}
Kb {
-0.028, -9.402, -0.052, -32.820, 1.652, 7.125,
-0.283, 54.061, -0.213, 33.710, 3.630, -3.315,
-0.577, 67.428, -0.623, 114.960, 3.331, -17.154,
-0.019, 38.625, -0.013, 24.352, 2.173, 0.000,
-0.611, 85.687, -0.549, 84.434, 2.947, -24.504,
-0.071, 50.588, -0.052, 63.917, 2.335, -18.262,
-0.329, 79.946, -0.326, 82.394, 3.993, -13.244,
0.121, -11.777, 0.097, -19.557, 1.977, -2.693,
-0.259, 47.080, -0.258, 36.467, 2.107, 1.631,
-0.430, 43.614, -0.428, 54.249, 3.360, -1.742,
-0.383, 27.761, -0.390, 23.740, 2.239, 5.016,
0.011, -27.983, 0.024, -59.022, 1.897, -4.000
}
Fpn_lg {
187.458, 145.208, 205.458, 266.333, 215.167, 218.625, 121.750, 217.667, 177.667, 112.333, 157.375, 170.708
}
Fpn_hg {
206.542, 167.750, 224.625, 294.000, 254.917, 257.375, 143.417, 236.250, 197.500, 134.958, 179.500, 191.792
}
AutoV20_lg {
0x8
}
AutoV20_hg {
0xa
}
Rampgen {
0x74
}
Range {
0xf
}
AutoV15 {
0x5
}
}
Temp_calib {
29.500, -10.663, 0.000, 0.000, 0.000, 0.000, 0.000, 0.000, 0.000, 0.000, 0.000, 0.000
}
