DEF 1000 {
Version {
0x2
}
Kb {
0.030, 17.398, 0.142, 3.925, 2.847, 1.073,
-0.130, 72.372, -0.113, 63.699, 2.887, 5.473,
-0.059, 48.002, 0.033, 43.388, 3.112, -15.762,
-0.109, 9.530, -0.036, 10.886, 2.797, 4.557,
-0.238, -19.827, -0.247, -2.496, 2.850, 6.874,
-0.453, -18.863, -0.291, -22.796, 2.828, 2.824,
-0.003, 45.306, 0.125, 56.752, 2.328, 7.739,
-0.266, 87.202, -0.154, 67.230, 3.035, 7.072,
-0.197, 35.680, -0.151, 21.685, 2.968, 5.329,
-0.142, -12.068, -0.035, -8.149, 2.321, 3.170,
0.108, 51.546, 0.179, 15.516, 2.337, 9.739,
0.204, -81.831, 0.351, -113.570, 3.648, 0.000
}
Fpn_lg {
140.958, 140.125, 224.083, 101.667, 153.125, 56.750, 127.375, 113.208, 101.333, 120.167, 158.167, 91.333
}
Fpn_hg {
167.250, 166.917, 271.000, 126.750, 180.667, 80.917, 152.333, 140.583, 126.042, 142.917, 184.250, 116.750
}
AutoV20_lg {
0x8
}
AutoV20_hg {
0xa
}
Rampgen {
0x90
}
Range {
0xf
}
AutoV15 {
0x5
}
Temp_calib {
29.500, -20.551, 0.000, 0.000, 0.000, 0.000, 0.000, 0.000, 0.000, 0.000, 0.000, 0.000
}
}
