DEF 257 {
Version {
0x2
}
Kb {
-0.071, -4.355, -0.002, 3.533, 2.902, -6.899,
-0.176, 10.192, -0.156, 19.514, 2.824, -5.703,
-0.006, 4.821, 0.031, -35.564, 2.477, -1.787,
-0.109, 57.759, -0.127, 59.891, 2.971, 2.901,
-0.272, 3.832, -0.294, 30.407, 3.396, 2.246,
-0.021, 11.457, -0.125, 3.779, 2.528, 5.677,
-0.021, -3.730, 0.051, -20.745, 2.715, 1.934,
-0.446, 83.843, -0.562, 131.050, 6.000, 5.987,
-0.059, 24.973, -0.006, 37.330, 3.046, -10.824,
0.132, -8.961, 0.154, -17.151, 2.086, 6.654,
0.006, -33.906, 0.068, -60.006, 2.597, 6.017,
-0.015, -20.194, -0.028, -29.276, 2.721, 0.000
}
Fpn_lg {
132.542, 148.125, 52.375, 132.917, 92.333, 127.917, 31.417, 82.167, 199.375, 141.167, 82.125, 143.917
}
Fpn_hg {
158.333, 175.958, 80.375, 161.333, 120.125, 157.458, 58.833, 114.458, 227.292, 168.708, 110.583, 170.750
}
AutoV20_lg {
0x8
}
AutoV20_hg {
0xa
}
Rampgen {
0x82
}
Range {
0xf
}
AutoV15 {
0x5
}
}
Temp_calib {
29.500, -9.358, 0.000, 0.000, 0.000, 0.000, 0.000, 0.000, 0.000, 0.000, 0.000, 0.000
}
