DEF 102 {
Version {
0x2
}
Kb {
0.075, 27.062, 0.023, 12.392, 3.252, -1.455,
0.092, 23.188, 0.096, 6.903, 3.138, -4.681,
0.001, 4.008, -0.066, 21.621, 3.276, 0.000,
0.173, -31.324, 0.240, -35.772, 3.475, 14.153,
-0.146, 18.560, -0.176, 34.016, 3.856, 0.527,
0.190, -37.468, 0.227, -22.072, 3.040, 2.405,
0.255, 2.363, 0.301, -2.889, 2.820, -0.663,
0.191, -25.197, 0.257, -46.576, 3.589, -1.122,
0.006, 1.773, 0.101, -11.681, 3.076, 3.824,
0.217, -28.499, 0.235, -23.396, 2.427, 7.000,
0.144, 5.128, 0.102, 8.463, 2.904, -11.301,
-0.000, -40.554, -0.018, -31.415, 3.669, -1.295
}
Fpn_lg {
216.542, 192.500, 244.958, 138.833, 203.625, 186.333, 101.750, 137.917, 122.042, 252.333, 218.958, 179.000
}
Fpn_hg {
248.333, 219.917, 277.208, 170.875, 234.250, 216.500, 129.792, 167.625, 152.875, 267.375, 254.417, 208.042
}
AutoV20_lg {
0x8
}
AutoV20_hg {
0xa
}
Rampgen {
0x9d
}
Range {
0xf
}
AutoV15 {
0x5
}
}
Temp_calib {
29.500, -0.405, 0.000, 0.000, 0.000, 0.000, 0.000, 0.000, 0.000, 0.000, 0.000, 0.000
}
