DEF 108 {
Version {
0x2
}
Kb {
-0.092, -24.994, -0.130, -21.118, 2.339, 4.852,
-0.124, 18.202, -0.181, 31.966, 2.444, 1.624,
-0.013, 2.102, -0.007, 9.499, 2.444, 9.213,
-0.123, 58.964, -0.155, 59.816, 2.625, 3.683,
-0.245, 30.825, -0.265, 27.421, 3.142, 2.462,
-0.262, 55.229, -0.360, 95.106, 2.433, 1.017,
-0.334, -3.760, -0.377, 20.701, 2.835, -2.678,
-0.238, 35.811, -0.254, 58.468, 2.465, 3.098,
-0.232, 60.006, -0.278, 79.315, 3.267, 4.281,
-0.331, 22.180, -0.342, 17.468, 2.586, 3.333,
-0.180, 39.358, -0.171, 41.461, 2.524, 9.165,
-0.228, 33.521, -0.270, 47.587, 2.846, 0.000
}
Fpn_lg {
205.875, 151.583, 107.333, 111.292, 64.750, 159.750, 99.833, 101.375, 108.167, 113.625, 105.458, 69.458
}
Fpn_hg {
222.042, 167.958, 124.458, 129.083, 82.375, 175.833, 116.292, 118.792, 124.792, 129.708, 123.625, 86.000
}
AutoV20_lg {
0x8
}
AutoV20_hg {
0xa
}
Rampgen {
0x98
}
Range {
0xf
}
AutoV15 {
0x5
}
}
Temp_calib {
29.500, -29.823, 0.000, 0.000, 0.000, 0.000, 0.000, 0.000, 0.000, 0.000, 0.000, 0.000
}
