DEF 104 {
Version {
0x2
}
Kb {
-0.443, 93.683, -0.472, 139.470, 3.289, 0.054,
-0.455, 19.387, -0.408, 10.939, 2.472, -1.897,
0.059, 18.632, -0.027, 8.872, 2.980, -11.108,
-0.025, 23.706, -0.071, 23.449, 2.327, -3.806,
-0.005, -3.488, -0.095, 31.845, 2.081, -6.876,
0.013, 10.941, 0.008, 23.643, 2.343, 0.095,
-0.114, 6.113, -0.193, 39.347, 2.400, -5.118,
-0.066, 40.462, -0.127, 51.662, 2.825, -4.693,
-0.128, -67.796, -0.117, -63.451, 2.364, 3.632,
-0.052, 19.102, -0.091, 19.055, 2.847, 9.543,
0.044, 1.916, 0.028, 8.099, 2.895, -5.267,
-0.296, 60.374, -0.429, 60.102, 2.889, 3.325
}
Fpn_lg {
113.042, 104.542, 200.167, 184.333, 172.833, 131.000, 208.125, 232.875, 65.125, 164.292, 223.333, 160.875
}
Fpn_hg {
133.250, 122.333, 219.625, 202.500, 190.625, 150.958, 225.958, 253.667, 84.208, 184.083, 244.333, 182.625
}
AutoV20_lg {
0x8
}
AutoV20_hg {
0xa
}
Rampgen {
0xa5
}
Range {
0xf
}
AutoV15 {
0x6
}
}
Temp_calib {
29.500, -22.634, 0.000, 0.000, 0.000, 0.000, 0.000, 0.000, 0.000, 0.000, 0.000, 0.000
}
