DEF 105 {
Version {
0x2
}
Kb {
-0.354, 19.407, -0.404, 53.101, 3.239, 0.000,
-0.116, -41.665, 0.049, -85.831, 2.864, 5.221,
-0.202, 24.599, -0.275, 63.313, 3.325, 0.000,
-0.032, 11.108, -0.004, 22.671, 2.863, 3.913,
-0.053, 22.334, -0.027, -0.937, 3.282, 0.337,
0.163, -17.114, 0.257, -71.946, 2.403, 5.455,
-0.217, 20.971, -0.155, 27.499, 2.999, 1.488,
-0.037, 55.619, -0.020, 43.231, 2.872, 0.122,
0.052, -4.273, 0.136, 5.659, 3.115, 0.762,
-0.033, 52.454, -0.079, 56.788, 3.367, 2.930,
-0.329, 65.579, -0.318, 60.324, 3.445, -9.559,
0.041, -32.456, 0.127, -66.311, 2.903, 0.000
}
Fpn_lg {
306.667, 106.000, 251.875, 185.917, 169.083, 54.958, 175.583, 204.625, 233.000, 200.458, 133.042, 146.292
}
Fpn_hg {
323.833, 124.875, 270.208, 204.083, 188.500, 73.833, 194.458, 222.667, 251.667, 217.958, 149.500, 162.333
}
AutoV20_lg {
0x8
}
AutoV20_hg {
0xa
}
Rampgen {
0x8e
}
Range {
0xf
}
AutoV15 {
0x7
}
}
Temp_calib {
29.500, -7.209, 0.000, 0.000, 0.000, 0.000, 0.000, 0.000, 0.000, 0.000, 0.000, 0.000
}
