DEF 109 {
Version {
0x2
}
Kb {
-0.440, 7.317, -0.312, 2.046, 2.532, -9.437,
-0.240, -13.981, -0.262, 11.950, 2.268, -7.378,
0.143, 52.251, 0.205, 30.611, 3.481, 0.000,
-0.106, 65.357, -0.068, 59.907, 4.391, 0.000,
-0.292, 76.958, -0.290, 96.083, 4.126, 0.000,
-0.052, 56.484, -0.027, 83.222, 2.480, -8.739,
-0.145, -8.624, -0.083, -24.803, 2.849, -9.761,
0.037, 10.231, 0.096, -21.743, 1.847, -7.648,
-0.245, 11.171, -0.295, 31.611, 1.566, -0.771,
-0.070, 8.492, -0.102, -31.403, 1.758, -5.444,
-0.241, 28.068, -0.257, 66.969, 2.318, -6.045,
-0.199, 11.071, -0.160, -3.091, 1.878, -6.529
}
Fpn_lg {
142.917, 136.000, 315.417, 289.000, 288.333, 177.667, 51.125, 168.833, 178.417, 151.958, 184.833, 166.000
}
Fpn_hg {
161.750, 156.625, 305.042, 308.458, 305.667, 196.583, 70.500, 188.292, 197.167, 171.167, 204.042, 182.875
}
AutoV20_lg {
0x8
}
AutoV20_hg {
0xa
}
Rampgen {
0x84
}
Range {
0xf
}
AutoV15 {
0x8
}
}
Temp_calib {
29.500, -7.426, 0.000, 0.000, 0.000, 0.000, 0.000, 0.000, 0.000, 0.000, 0.000, 0.000
}
