DEF 110 {
Version {
0x2
}
Kb {
-0.021, 11.768, 0.063, 12.998, 3.827, 3.455,
0.187, -79.810, 0.382, -120.230, 4.857, 5.828,
-0.384, 49.597, -0.356, 50.981, 4.592, 8.017,
0.377, -47.005, 0.525, -70.959, 3.447, 16.281,
-0.042, -12.870, 0.045, -20.516, 3.885, 0.000,
-0.124, 21.698, 0.049, 39.532, 4.219, 8.831,
-0.106, -6.642, 0.056, -0.785, 4.038, 2.465,
0.304, -40.956, 0.558, -111.470, 3.744, 19.978,
-0.384, 95.817, -0.303, 123.200, 6.000, 0.000,
-0.112, -19.628, -0.086, -21.179, 3.597, 8.324,
0.154, 0.550, 0.178, -1.719, 3.955, 0.000,
0.109, -16.637, 0.227, -43.496, 4.082, 0.000
}
Fpn_lg {
110.083, 106.458, 154.042, 189.708, 248.542, 152.958, 188.458, 112.208, 260.833, 70.000, 260.792, 208.500
}
Fpn_hg {
128.000, 126.125, 172.875, 210.083, 269.250, 171.417, 206.125, 132.708, 277.667, 90.000, 281.000, 228.208
}
AutoV20_lg {
0x8
}
AutoV20_hg {
0xa
}
Rampgen {
0x6e
}
Range {
0xf
}
AutoV15 {
0x6
}
}
Temp_calib {
29.500, -18.394, 0.000, 0.000, 0.000, 0.000, 0.000, 0.000, 0.000, 0.000, 0.000, 0.000
}
