DEF 1001 {
Version {
0x2
}
Kb {
-0.338, 28.348, -0.332, 22.025, 3.448, 6.604,
-0.111, 38.012, -0.009, 0.893, 3.480, 14.059,
-0.059, 30.381, 0.003, 26.113, 3.617, 8.800,
-0.425, -6.015, -0.249, -29.876, 3.717, 8.476,
-0.528, 92.899, -0.656, 120.250, 4.890, -6.423,
-0.117, -4.766, -0.055, -23.534, 3.256, 18.548,
-0.216, 26.893, -0.238, 26.630, 4.020, 0.498,
-0.002, 14.007, 0.180, -32.824, 3.994, 14.032,
-0.121, -13.627, -0.054, -55.944, 3.850, 13.632,
-0.166, 62.517, -0.180, 53.999, 4.234, 6.790,
-0.113, 9.905, -0.120, 9.707, 3.965, 18.352,
-0.087, 25.720, -0.099, 36.757, 3.523, 0.000
}
Fpn_lg {
109.667, 154.167, 173.833, 115.833, 169.708, 134.625, 158.083, 168.625, 73.583, 214.625, 91.750, 174.333
}
Fpn_hg {
130.458, 175.750, 192.833, 133.667, 189.625, 156.083, 179.375, 191.750, 96.958, 234.250, 112.917, 198.375
}
AutoV20_lg {
0x8
}
AutoV20_hg {
0xa
}
Rampgen {
0xa8
}
Range {
0xf
}
AutoV15 {
0x5
}
Temp_calib {
29.500, -46.487, 0.000, 0.000, 0.000, 0.000, 0.000, 0.000, 0.000, 0.000, 0.000, 0.000
}
}
