DEF 101 {
Version {
0x2
}
Kb {
-0.492, 57.968, -0.540, 103.360, 2.740, -16.109,
-0.233, -4.133, -0.237, -0.103, 1.796, -5.885,
-0.088, 2.876, -0.053, 1.558, 2.204, -7.478,
-0.029, -10.564, 0.124, -36.403, 1.773, -5.673,
-0.317, 12.269, -0.164, -31.534, 2.186, -5.411,
-0.194, 16.956, -0.148, 42.439, 1.717, -5.300,
-0.282, 27.068, -0.287, 36.304, 1.896, -0.286,
-0.277, 64.216, -0.239, 60.095, 2.677, -9.143,
0.022, -38.046, 0.149, -48.059, 1.798, -4.439,
-0.162, 29.914, -0.101, 12.183, 2.240, -11.936,
-0.004, 58.819, -0.069, 71.264, 2.991, -14.281,
0.219, 1.575, 0.253, -39.106, 1.141, 0.000
}
Fpn_lg {
188.792, 137.458, 125.958, 142.667, 146.625, 70.708, 133.333, 173.583, 141.000, 126.792, 225.500, 52.542
}
Fpn_hg {
210.542, 161.042, 150.208, 166.958, 171.583, 96.083, 158.917, 197.292, 166.042, 150.542, 267.000, 77.375
}
AutoV20_lg {
0x8
}
AutoV20_hg {
0xa
}
Rampgen {
0x6d
}
Range {
0xf
}
AutoV15 {
0x7
}
}
Temp_calib {
29.500, -26.511, 0.000, 0.000, 0.000, 0.000, 0.000, 0.000, 0.000, 0.000, 0.000, 0.000
}
